-43.8436 652.069 639.206 0.24855 17.2456 -102.073
-43.664 652.068 639.193 0.24749 17.2441 -102.071
-43.5157 652.067 639.193 0.2474 17.2447 -102.071
-43.3235 652.063 639.188 0.24658 17.2441 -102.07
-43.3235 652.063 639.188 0.24658 17.2441 -102.07
-43.1453 652.065 639.195 0.24801 17.2444 -102.07
-42.9576 652.069 639.19 0.24903 17.2446 -102.071
-42.9576 652.069 639.19 0.24903 17.2446 -102.071
-42.8087 652.069 639.194 0.24706 17.2444 -102.07
-42.6277 652.065 639.19 0.24686 17.2443 -102.07
-42.6277 652.065 639.19 0.24686 17.2443 -102.07
-42.2472 652.066 639.184 0.24515 17.2431 -102.068
-42.2472 652.066 639.184 0.24515 17.2431 -102.068
-42.116 652.059 639.193 0.2482 17.2436 -102.071
-41.928 652.064 639.188 0.24882 17.2442 -102.072
-41.928 652.064 639.188 0.24882 17.2442 -102.072
-41.734 652.058 639.195 0.24734 17.2438 -102.071
-41.5529 652.054 639.19 0.2471 17.2437 -102.071
-41.5529 652.054 639.19 0.2471 17.2437 -102.071
-41.4199 652.061 639.195 0.24794 17.2443 -102.071
-41.4199 652.061 639.195 0.24794 17.2443 -102.071
-41.2277 652.056 639.19 0.24705 17.2437 -102.07
-41.2277 652.056 639.19 0.24705 17.2437 -102.07
-40.8583 652.057 639.184 0.24588 17.243 -102.069
-40.714 652.064 639.189 0.2457 17.2436 -102.069
-40.5206 652.057 639.192 0.24602 17.2439 -102.07
-40.5206 652.057 639.192 0.24602 17.2439 -102.07
-40.3422 652.059 639.199 0.24698 17.2448 -102.07
-40.15 652.054 639.194 0.24604 17.2442 -102.07
-40.15 652.054 639.194 0.24604 17.2442 -102.07
-40.0056 652.062 639.198 0.24584 17.2448 -102.07
-39.8258 652.06 639.186 0.2443 17.2437 -102.068
-39.6362 652.062 639.193 0.24459 17.2441 -102.068
-39.4524 652.074 639.192 0.24547 17.2442 -102.069
-39.4524 652.074 639.192 0.24547 17.2442 -102.069
-39.2999 652.063 639.192 0.24376 17.2436 -102.067
-39.1122 652.066 639.187 0.24462 17.2438 -102.067
-39.1122 652.066 639.187 0.24462 17.2438 -102.067
-38.9416 652.063 639.19 0.24867 17.2437 -102.071
-38.7492 652.059 639.186 0.24733 17.2436 -102.07
-38.7492 652.059 639.186 0.24733 17.2436 -102.07
-38.4278 652.069 639.189 0.24708 17.2437 -102.069
-38.4278 652.069 639.189 0.24708 17.2437 -102.069
-38.2359 652.062 639.184 0.24643 17.2426 -102.068
-38.0464 652.063 639.191 0.24665 17.243 -102.068
-38.0464 652.063 639.191 0.24665 17.243 -102.068
-37.9209 652.066 639.192 0.25017 17.2432 -102.071
-37.7232 652.049 639.195 0.24854 17.2429 -102.07
-37.7232 652.049 639.195 0.24854 17.2429 -102.07
-37.351 652.059 639.193 0.24651 17.2428 -102.066
-37.351 652.059 639.193 0.24651 17.2428 -102.066
-37.1173 652.058 639.195 0.24559 17.2425 -102.066
-37.1173 652.058 639.195 0.24559 17.2425 -102.066
-36.9729 652.064 639.199 0.24529 17.2431 -102.066
-36.788 652.056 639.191 0.24667 17.2426 -102.069
-36.788 652.056 639.191 0.24667 17.2426 -102.069
-36.6141 652.065 639.198 0.2493 17.2441 -102.071
-36.4173 652.052 639.194 0.24605 17.2433 -102.069
-36.4173 652.052 639.194 0.24605 17.2433 -102.069
-36.0963 652.061 639.193 0.24711 17.2446 -102.07
-36.0963 652.061 639.193 0.24711 17.2446 -102.07
-35.9079 652.065 639.193 0.24602 17.244 -102.069
-35.7184 652.065 639.2 0.24614 17.2444 -102.069
-35.7184 652.065 639.2 0.24614 17.2444 -102.069
-35.5801 652.064 639.18 0.24616 17.2427 -102.069
-35.3909 652.063 639.187 0.24663 17.2426 -102.069
-35.3909 652.063 639.187 0.24663 17.2426 -102.069
-35.2032 652.065 639.182 0.24733 17.2428 -102.069
-35.0206 652.057 639.189 0.24661 17.2424 -102.068
-34.875 652.06 639.202 0.24745 17.244 -102.069
-34.6885 652.064 639.189 0.24692 17.2432 -102.068
-34.6885 652.064 639.189 0.24692 17.2432 -102.068
-34.5104 652.064 639.196 0.24799 17.2436 -102.068
-34.3314 652.065 639.179 0.25025 17.2424 -102.07
-34.1826 652.062 639.183 0.24805 17.2423 -102.069
-34.1826 652.062 639.183 0.24805 17.2423 -102.069
-33.9524 652.064 639.193 0.25036 17.2432 -102.07
-33.9524 652.064 639.193 0.25036 17.2432 -102.07
-33.7714 652.058 639.189 0.24983 17.2431 -102.07
-33.5705 652.058 639.196 0.24886 17.2435 -102.07
-33.3822 652.061 639.195 0.24768 17.2429 -102.069
-33.3822 652.061 639.195 0.24768 17.2429 -102.069
-33.2013 652.055 639.19 0.24714 17.2428 -102.068
-33.0568 652.06 639.195 0.24671 17.2434 -102.068
-33.0568 652.06 639.195 0.24671 17.2434 -102.068
-32.8615 652.048 639.182 0.2425 17.2413 -102.064
-32.6817 652.068 639.181 0.24456 17.2426 -102.066
-32.6817 652.068 639.181 0.24456 17.2426 -102.066
-32.5363 652.052 639.181 0.24365 17.2409 -102.066
-32.3484 652.055 639.177 0.24389 17.2416 -102.067
-32.1702 652.053 639.184 0.24486 17.242 -102.067
-31.9735 652.062 639.192 0.24528 17.2435 -102.068
-31.9735 652.062 639.192 0.24528 17.2435 -102.068
-31.8482 652.062 639.192 0.24898 17.2433 -102.071
-31.6518 652.047 639.187 0.24593 17.242 -102.068
-31.6518 652.047 639.187 0.24593 17.242 -102.068
-31.4676 652.058 639.186 0.24613 17.2427 -102.069
-31.2792 652.06 639.185 0.24487 17.2421 -102.068
-31.2792 652.06 639.185 0.24487 17.2421 -102.068
-30.912 652.057 639.196 0.24717 17.2441 -102.069
-30.912 652.057 639.196 0.24717 17.2441 -102.069
-30.728 652.067 639.195 0.24769 17.2442 -102.069
-30.728 652.067 639.195 0.24769 17.2442 -102.069
-30.5473 652.059 639.19 0.2474 17.2437 -102.068
-30.3508 652.067 639.198 0.2481 17.2448 -102.069
-30.3508 652.067 639.198 0.2481 17.2448 -102.069
-30.2108 652.063 639.19 0.2474 17.2434 -102.07
-30.037 652.069 639.198 0.25008 17.2445 -102.071
-30.037 652.069 639.198 0.25008 17.2445 -102.071
-29.6478 652.069 639.204 0.24764 17.2443 -102.07
-29.6478 652.069 639.204 0.24764 17.2443 -102.07
-29.5197 652.064 639.192 0.24972 17.2437 -102.071
-29.3302 652.062 639.199 0.24957 17.2441 -102.071
-29.3302 652.062 639.199 0.24957 17.2441 -102.071
-29.1393 652.057 639.186 0.24705 17.2426 -102.068
-28.9544 652.062 639.193 0.24904 17.2432 -102.069
-28.9544 652.062 639.193 0.24904 17.2432 -102.069
-28.7618 652.055 639.192 0.24589 17.242 -102.067
-28.6292 652.065 639.193 0.24992 17.243 -102.07
-28.4497 652.059 639.18 0.24838 17.2415 -102.068
-28.2603 652.057 639.187 0.24819 17.2419 -102.068
-28.2603 652.057 639.187 0.24819 17.2419 -102.068
-28.0569 652.049 639.182 0.24581 17.2414 -102.066
-27.9194 652.045 639.187 0.24442 17.2413 -102.065
-27.7343 652.051 639.194 0.246 17.2424 -102.066
-27.7343 652.051 639.194 0.246 17.2424 -102.066
-27.5576 652.057 639.19 0.24886 17.2427 -102.069
-27.5576 652.057 639.19 0.24886 17.2427 -102.069
-27.2361 652.062 639.193 0.24783 17.2428 -102.068
-27.2361 652.062 639.193 0.24783 17.2428 -102.068
-27.0379 652.066 639.181 0.24567 17.2425 -102.067
-26.8485 652.064 639.188 0.24543 17.2429 -102.067
-26.8485 652.064 639.188 0.24543 17.2429 -102.067
-26.6663 652.059 639.192 0.24763 17.2434 -102.07
-26.5218 652.063 639.196 0.24699 17.244 -102.07
-26.5218 652.063 639.196 0.24699 17.244 -102.07
-26.3323 652.061 639.204 0.24672 17.2444 -102.069
-26.1458 652.063 639.191 0.24588 17.2437 -102.068
-26.0089 652.064 639.191 0.24804 17.2439 -102.071
-25.8178 652.059 639.179 0.24505 17.243 -102.068
-25.8178 652.059 639.179 0.24505 17.243 -102.068
-25.6338 652.067 639.178 0.24537 17.2431 -102.068
-25.4033 652.067 639.188 0.24685 17.2445 -102.07
-25.4033 652.067 639.188 0.24685 17.2445 -102.07
-25.215 652.067 639.188 0.24537 17.244 -102.068
-25.215 652.067 639.188 0.24537 17.244 -102.068
-25.0295 652.073 639.195 0.24647 17.2456 -102.07
-24.8883 652.065 639.196 0.24681 17.2451 -102.071
-24.8883 652.065 639.196 0.24681 17.2451 -102.071
-24.5273 652.073 639.194 0.24658 17.2448 -102.07
-24.5273 652.073 639.194 0.24658 17.2448 -102.07
-24.3267 652.069 639.201 0.24558 17.2447 -102.069
-24.1884 652.066 639.182 0.24536 17.2432 -102.069
-24.1884 652.066 639.182 0.24536 17.2432 -102.069
-24.0104 652.062 639.189 0.24599 17.2436 -102.069
-23.8138 652.068 639.196 0.24639 17.2447 -102.07
-23.8138 652.068 639.196 0.24639 17.2447 -102.07
-23.665 652.063 639.201 0.24388 17.2446 -102.068
-23.4965 652.056 639.192 0.24828 17.244 -102.07
-23.3082 652.056 639.191 0.24673 17.2435 -102.068
-23.1082 652.057 639.19 0.24381 17.2434 -102.067
-23.1082 652.057 639.19 0.24381 17.2434 -102.067
-22.9317 652.061 639.186 0.24683 17.2433 -102.07
-22.7989 652.063 639.19 0.24743 17.2434 -102.069
-22.7989 652.063 639.19 0.24743 17.2434 -102.069
-22.607 652.058 639.185 0.24803 17.2421 -102.07
-22.4218 652.062 639.192 0.24936 17.2432 -102.071
-22.4218 652.062 639.192 0.24936 17.2432 -102.071
-22.2323 652.059 639.2 0.24892 17.2437 -102.071
-22.0875 652.063 639.204 0.24777 17.2448 -102.07
-21.9081 652.055 639.192 0.24601 17.2433 -102.068
-21.7124 652.064 639.191 0.24481 17.244 -102.068
-21.7124 652.064 639.191 0.24481 17.244 -102.068
-21.5283 652.071 639.191 0.24495 17.2442 -102.067
-21.3871 652.063 639.191 0.2452 17.2438 -102.069
-21.3871 652.063 639.191 0.2452 17.2438 -102.069
-21.2144 652.069 639.19 0.24633 17.244 -102.068
-21.0178 652.074 639.198 0.2466 17.2451 -102.069
-20.8766 652.065 639.198 0.24684 17.2447 -102.07
-20.7039 652.072 639.198 0.24794 17.2449 -102.07
-20.7039 652.072 639.198 0.24794 17.2449 -102.07
-20.503 652.068 639.205 0.24642 17.2453 -102.069
-20.3223 652.063 639.201 0.24759 17.2445 -102.071
-20.3223 652.063 639.201 0.24759 17.2445 -102.071
-20.1791 652.068 639.197 0.24595 17.2437 -102.068
-19.9949 652.053 639.188 0.2471 17.2428 -102.07
-19.9949 652.053 639.188 0.2471 17.2428 -102.07
-19.7994 652.06 639.187 0.24617 17.243 -102.069
-19.6213 652.055 639.195 0.24662 17.2435 -102.069
-19.473 652.055 639.195 0.24758 17.2438 -102.071
-19.2889 652.061 639.195 0.24762 17.244 -102.071
-19.2889 652.061 639.195 0.24762 17.244 -102.071
-19.1046 652.047 639.186 0.24874 17.2431 -102.072
-18.9091 652.054 639.185 0.24778 17.2433 -102.072
-18.9091 652.054 639.185 0.24778 17.2433 -102.072
-18.7731 652.049 639.181 0.24535 17.2419 -102.068
-18.5889 652.056 639.181 0.24537 17.2421 -102.067
-18.4045 652.063 639.18 0.24502 17.2428 -102.067
-18.4045 652.063 639.18 0.24502 17.2428 -102.067
-18.2151 652.058 639.188 0.24441 17.2432 -102.067
-18.0758 652.072 639.184 0.2441 17.2437 -102.066
-17.8864 652.067 639.192 0.24348 17.2441 -102.066
-17.8864 652.067 639.192 0.24348 17.2441 -102.066
-17.6971 652.061 639.198 0.2432 17.2441 -102.064
-17.513 652.067 639.198 0.24317 17.2443 -102.064
-17.513 652.067 639.198 0.24317 17.2443 -102.064
-17.3772 652.068 639.191 0.24393 17.2436 -102.065
-17.1848 652.064 639.186 0.24363 17.2433 -102.067
-17.1848 652.064 639.186 0.24363 17.2433 -102.067
-16.9993 652.068 639.194 0.24435 17.2449 -102.068
-16.9993 652.068 639.194 0.24435 17.2449 -102.068
-16.7787 652.067 639.185 0.24594 17.2441 -102.07
-16.6006 652.061 639.192 0.24626 17.2445 -102.069
-16.476 652.063 639.185 0.24765 17.2444 -102.071
-16.3125 652.068 639.197 0.24859 17.2453 -102.071
-16.3125 652.068 639.197 0.24859 17.2453 -102.071
-16.0094 652.064 639.197 0.24346 17.244 -102.066
-16.0094 652.064 639.197 0.24346 17.244 -102.066
-15.9249 652.061 639.195 0.24465 17.2433 -102.066
-15.9249 652.061 639.195 0.24465 17.2433 -102.066
-15.8292 652.056 639.192 0.24518 17.2422 -102.066
-15.7558 652.053 639.19 0.247 17.242 -102.067
-15.7558 652.053 639.19 0.247 17.242 -102.067
-15.686 652.06 639.188 0.24341 17.2415 -102.064
-15.6575 652.064 639.183 0.24495 17.2415 -102.064
-15.6575 652.064 639.183 0.24495 17.2415 -102.064
-15.6237 652.057 639.186 0.24588 17.2418 -102.065
-15.6129 652.055 639.186 0.24559 17.2408 -102.064
-15.6051 652.059 639.193 0.24816 17.2416 -102.065
-15.5937 652.059 639.193 0.24716 17.2416 -102.065
-15.5937 652.059 639.193 0.24716 17.2416 -102.065
-15.5905 652.049 639.189 0.24751 17.2411 -102.065
-15.5935 652.054 639.197 0.25037 17.2427 -102.067
-15.5935 652.054 639.197 0.25037 17.2427 -102.067
-15.589 652.042 639.201 0.25149 17.2437 -102.068
-15.5809 652.02 639.201 0.25261 17.2446 -102.069
-15.5809 652.02 639.201 0.25261 17.2446 -102.069
-15.5808 651.989 639.196 0.25473 17.2456 -102.07
-15.5795 651.955 639.2 0.25797 17.2474 -102.073
-15.5795 651.955 639.2 0.25797 17.2474 -102.073
-15.6158 651.811 639.215 0.27318 17.2542 -102.081
-15.6158 651.811 639.215 0.27318 17.2542 -102.081
-15.6356 651.716 639.217 0.27919 17.2565 -102.083
-15.6356 651.716 639.217 0.27919 17.2565 -102.083
-15.59 651.467 639.2 0.25556 17.2457 -102.065
-15.5655 651.305 639.201 0.24739 17.2413 -102.057
-15.5655 651.305 639.201 0.24739 17.2413 -102.057
-15.5624 651.137 639.21 0.24621 17.2412 -102.054
-15.5589 650.944 639.214 0.24257 17.2396 -102.05
-15.5589 650.944 639.214 0.24257 17.2396 -102.05
-15.557 650.62 639.201 0.24218 17.2377 -102.047
-15.557 650.62 639.201 0.24218 17.2377 -102.047
-15.5564 650.439 639.211 0.24427 17.2391 -102.05
-15.554 650.25 639.204 0.24053 17.2383 -102.047
-15.554 650.25 639.204 0.24053 17.2383 -102.047
-15.5518 650.113 639.21 0.24001 17.2396 -102.047
-15.5567 649.921 639.2 0.23876 17.2388 -102.047
-15.5567 649.921 639.2 0.23876 17.2388 -102.047
-15.5568 649.744 639.202 0.23937 17.2398 -102.049
-15.5682 649.567 639.204 0.24098 17.2407 -102.052
-15.5622 649.448 639.215 0.24121 17.2428 -102.053
-15.5557 649.282 639.213 0.24005 17.2423 -102.053
-15.5557 649.282 639.213 0.24005 17.2423 -102.053
-15.5663 649.132 639.199 0.24409 17.242 -102.058
-15.5751 649.001 639.205 0.24642 17.2429 -102.061
-15.5751 649.001 639.205 0.24642 17.2429 -102.061
-15.5848 648.879 639.204 0.24946 17.2426 -102.067
-15.5904 648.817 639.2 0.25272 17.2432 -102.07
-15.5904 648.817 639.2 0.25272 17.2432 -102.07
-15.5951 648.73 639.191 0.25315 17.2428 -102.072
-15.6013 648.666 639.182 0.2517 17.242 -102.07
-15.5948 648.626 639.19 0.25112 17.2429 -102.071
-15.592 648.569 639.193 0.2498 17.2431 -102.07
-15.592 648.569 639.193 0.2498 17.2431 -102.07
-15.5944 648.522 639.188 0.24909 17.2431 -102.07
-15.5949 648.469 639.199 0.25099 17.2445 -102.071
-15.5949 648.469 639.199 0.25099 17.2445 -102.071
-15.5844 648.394 639.198 0.24793 17.2439 -102.069
-15.5897 648.326 639.196 0.24797 17.2437 -102.068
-15.5897 648.326 639.196 0.24797 17.2437 -102.068
-15.5774 648.217 639.202 0.24678 17.2438 -102.067
-15.5827 648.097 639.184 0.24498 17.2426 -102.064
-15.5727 647.994 639.202 0.24491 17.2437 -102.064
-15.5705 647.835 639.199 0.24586 17.2434 -102.065
-15.5666 647.669 639.208 0.24435 17.2438 -102.063
-15.5666 647.669 639.208 0.24435 17.2438 -102.063
-15.5721 647.501 639.201 0.2463 17.2436 -102.065
-15.5721 647.501 639.201 0.2463 17.2436 -102.065
-15.567 647.357 639.198 0.24363 17.2423 -102.061
-15.5782 647.178 639.199 0.24561 17.2428 -102.063
-15.5782 647.178 639.199 0.24561 17.2428 -102.063
-15.5731 646.804 639.208 0.24548 17.2438 -102.063
-15.5731 646.804 639.208 0.24548 17.2438 -102.063
-15.5803 646.617 639.208 0.24608 17.2431 -102.064
-15.5753 646.479 639.201 0.24665 17.2426 -102.065
-15.5711 646.287 639.201 0.24405 17.2427 -102.063
-15.5711 646.287 639.201 0.24405 17.2427 -102.063
-15.5708 646.109 639.202 0.24504 17.2432 -102.065
-15.5802 645.976 639.204 0.24947 17.2444 -102.068
-15.587 645.79 639.204 0.24972 17.2442 -102.069
-15.587 645.79 639.204 0.24972 17.2442 -102.069
-15.5905 645.593 639.2 0.25033 17.2434 -102.069
-15.5948 645.4 639.188 0.24945 17.2422 -102.069
-15.5948 645.4 639.188 0.24945 17.2422 -102.069
-15.601 645.262 639.182 0.25101 17.2418 -102.07
-15.5918 645.085 639.194 0.2503 17.2435 -102.07
-15.5918 645.085 639.194 0.2503 17.2435 -102.07
-15.5863 644.895 639.202 0.25104 17.2438 -102.072
-15.5828 644.706 639.193 0.24731 17.2429 -102.068
-15.5802 644.568 639.198 0.24717 17.2438 -102.068
-15.5846 644.375 639.186 0.24665 17.2421 -102.067
-15.5846 644.375 639.186 0.24665 17.2421 -102.067
-15.5823 644.189 639.197 0.2452 17.2431 -102.065
-15.5823 644.189 639.197 0.2452 17.2431 -102.065
-15.5808 644.007 639.205 0.24769 17.2441 -102.068
-15.578 643.87 639.21 0.24755 17.2449 -102.067
-15.578 643.87 639.21 0.24755 17.2449 -102.067
-15.5821 643.677 639.198 0.24667 17.2437 -102.067
-15.5763 643.488 639.205 0.24742 17.2439 -102.068
-15.5768 643.307 639.197 0.24545 17.2438 -102.066
-15.5809 643.167 639.201 0.24642 17.2436 -102.067
-15.5892 642.982 639.189 0.24764 17.2426 -102.068
-15.5892 642.982 639.189 0.24764 17.2426 -102.068
-15.5874 642.822 639.205 0.24868 17.2451 -102.069
-15.5879 642.646 639.196 0.24891 17.2442 -102.069
-15.5879 642.646 639.196 0.24891 17.2442 -102.069
-15.6049 642.535 639.198 0.25223 17.2444 -102.072
-15.602 642.397 639.202 0.2521 17.2453 -102.071
-15.602 642.397 639.202 0.2521 17.2453 -102.071
-15.5945 642.259 639.207 0.25171 17.2455 -102.073
-15.5825 642.155 639.204 0.24905 17.2452 -102.071
-15.587 642.067 639.195 0.24984 17.2443 -102.073
-15.587 642.067 639.195 0.24984 17.2443 -102.073
-15.588 642.018 639.197 0.25028 17.2452 -102.073
-15.5859 641.964 639.192 0.24783 17.2445 -102.071
-15.5859 641.964 639.192 0.24783 17.2445 -102.071
-15.596 641.934 639.191 0.24922 17.2447 -102.071
-15.5792 641.897 639.19 0.24652 17.2447 -102.071
-15.5893 641.894 639.198 0.24866 17.2456 -102.072
-15.5827 641.88 639.186 0.24577 17.2439 -102.07
-15.5827 641.88 639.186 0.24577 17.2439 -102.07
-15.5814 641.878 639.194 0.24656 17.2454 -102.071
-15.5814 641.878 639.194 0.24656 17.2454 -102.071
-15.5926 641.877 639.194 0.24756 17.2454 -102.071
-15.5884 641.869 639.194 0.24581 17.2446 -102.07
-15.5873 641.866 639.202 0.24695 17.2456 -102.071
-15.5873 641.866 639.202 0.24695 17.2456 -102.071
-15.5873 641.866 639.202 0.24695 17.2456 -102.071
-15.5873 641.866 639.202 0.24695 17.2456 -102.071
-15.5873 641.866 639.202 0.24695 17.2456 -102.071
-15.5873 641.866 639.202 0.24695 17.2456 -102.071
-15.5873 641.866 639.202 0.24695 17.2456 -102.071
-15.5873 641.866 639.202 0.24695 17.2456 -102.071
-15.5873 641.866 639.202 0.24695 17.2456 -102.071
-15.5873 641.866 639.202 0.24695 17.2456 -102.071
-15.5873 641.866 639.202 0.24695 17.2456 -102.071
-15.5873 641.866 639.202 0.24695 17.2456 -102.071
-15.5873 641.866 639.202 0.24695 17.2456 -102.071
-15.5873 641.866 639.202 0.24695 17.2456 -102.071
-15.5873 641.866 639.202 0.24695 17.2456 -102.071
-15.5873 641.866 639.202 0.24695 17.2456 -102.071
-15.5873 641.866 639.202 0.24695 17.2456 -102.071
-15.5761 641.867 639.202 0.24595 17.2456 -102.071
-15.5539 641.866 639.201 0.24431 17.2451 -102.071
-15.5539 641.866 639.201 0.24431 17.2451 -102.071
-15.4933 641.855 639.205 0.24044 17.246 -102.072
-15.4933 641.855 639.205 0.24044 17.246 -102.072
-15.3244 641.822 639.207 0.22979 17.2465 -102.073
-15.2055 641.8 639.201 0.22338 17.2472 -102.074
-15.2055 641.8 639.201 0.22338 17.2472 -102.074
-15.0537 641.776 639.195 0.21504 17.2465 -102.074
-14.899 641.76 639.195 0.21174 17.2463 -102.075
-14.899 641.76 639.195 0.21174 17.2463 -102.075
-14.8394 641.87 639.203 0.23512 17.2571 -102.093
-14.6891 641.876 639.19 0.23841 17.2565 -102.095
-14.6891 641.876 639.19 0.23841 17.2565 -102.095
-14.518 641.884 639.197 0.24233 17.2574 -102.099
-14.3452 641.883 639.191 0.24617 17.2558 -102.1
-14.2151 641.879 639.193 0.24761 17.2546 -102.097
-14.0431 641.874 639.185 0.25251 17.2517 -102.096
-14.0431 641.874 639.185 0.25251 17.2517 -102.096
-13.8514 641.869 639.189 0.25503 17.2496 -102.093
-13.8514 641.869 639.189 0.25503 17.2496 -102.093
-13.6802 641.86 639.181 0.26098 17.2453 -102.09
-13.5238 641.848 639.182 0.25902 17.2429 -102.086
-13.3475 641.858 639.18 0.26171 17.2424 -102.085
-13.1621 641.855 639.178 0.25985 17.2419 -102.083
-13.1621 641.855 639.178 0.25985 17.2419 -102.083
-12.9771 641.858 639.173 0.26121 17.2423 -102.086
-12.7846 641.863 639.172 0.26007 17.2425 -102.085
-12.7846 641.863 639.172 0.26007 17.2425 -102.085
-12.6382 641.856 639.175 0.25731 17.2424 -102.083
-12.4485 641.868 639.182 0.25865 17.2448 -102.085
-12.4485 641.868 639.182 0.25865 17.2448 -102.085
-12.2507 641.883 639.196 0.25576 17.2463 -102.082
-12.1155 641.875 639.2 0.25398 17.2463 -102.08
-11.9153 641.884 639.202 0.24995 17.2468 -102.077
-11.7229 641.889 639.2 0.24876 17.2471 -102.076
-11.7229 641.889 639.2 0.24876 17.2471 -102.076
-11.541 641.873 639.194 0.24796 17.2455 -102.076
-11.4039 641.886 639.191 0.2475 17.246 -102.075
-11.4039 641.886 639.191 0.2475 17.246 -102.075
-11.2141 641.875 639.193 0.24889 17.2456 -102.077
-11.0408 641.874 639.187 0.25188 17.245 -102.079
-10.8543 641.868 639.193 0.25105 17.2455 -102.078
-10.8543 641.868 639.193 0.25105 17.2455 -102.078
-10.7096 641.868 639.185 0.25069 17.2449 -102.079
-10.5298 641.875 639.203 0.25303 17.2465 -102.08
-10.3409 641.868 639.198 0.25292 17.2457 -102.081
-10.1495 641.875 639.188 0.25055 17.245 -102.079
-10.1495 641.875 639.188 0.25055 17.245 -102.079
-10.0151 641.871 639.188 0.25264 17.2449 -102.081
-9.82284 641.874 639.186 0.25173 17.2447 -102.079
-9.82284 641.874 639.186 0.25173 17.2447 -102.079
-9.58669 641.868 639.186 0.25141 17.2438 -102.077
-9.40456 641.868 639.192 0.25259 17.2445 -102.077
-9.40456 641.868 639.192 0.25259 17.2445 -102.077
-9.21232 641.871 639.19 0.25165 17.2443 -102.076
-9.06699 641.866 639.19 0.25306 17.2437 -102.077
-8.88158 641.862 639.188 0.25104 17.2432 -102.075
-8.88158 641.862 639.188 0.25104 17.2432 -102.075
-8.69041 641.868 639.178 0.24897 17.242 -102.072
-8.69041 641.868 639.178 0.24897 17.242 -102.072
-8.51142 641.877 639.189 0.24975 17.2432 -102.073
-8.36933 641.877 639.192 0.24893 17.2434 -102.071
-8.17707 641.879 639.19 0.24794 17.2432 -102.07
-7.99492 641.879 639.196 0.24905 17.2439 -102.069
-7.99492 641.879 639.196 0.24905 17.2439 -102.069
-7.80086 641.879 639.206 0.24744 17.2439 -102.068
-7.66622 641.876 639.206 0.2491 17.2443 -102.07
-7.48164 641.875 639.201 0.25094 17.2437 -102.071
-7.48164 641.875 639.201 0.25094 17.2437 -102.071
-7.30393 641.867 639.195 0.25171 17.2429 -102.073
-7.30393 641.867 639.195 0.25171 17.2429 -102.073
-6.96688 641.869 639.186 0.25022 17.2421 -102.072
-6.78942 641.859 639.18 0.25133 17.2408 -102.072
-6.78942 641.859 639.18 0.25133 17.2408 -102.072
-6.60377 641.855 639.182 0.25424 17.2412 -102.075
-6.60377 641.855 639.182 0.25424 17.2412 -102.075
-6.41123 641.859 639.181 0.25282 17.2415 -102.074
-6.27116 641.865 639.197 0.25266 17.2431 -102.074
-6.0825 641.855 639.191 0.25275 17.2418 -102.075
-6.0825 641.855 639.191 0.25275 17.2418 -102.075
-5.90116 641.858 639.189 0.25231 17.2421 -102.074
-5.7086 641.861 639.188 0.25086 17.2423 -102.073
-5.7086 641.861 639.188 0.25086 17.2423 -102.073
-5.57705 641.868 639.193 0.25209 17.2431 -102.075
-5.38449 641.871 639.191 0.25063 17.2434 -102.074
-5.38449 641.871 639.191 0.25063 17.2434 -102.074
-5.01853 641.872 639.184 0.25191 17.2431 -102.075
-5.01853 641.872 639.184 0.25191 17.2431 -102.075
-4.88414 641.867 639.184 0.25383 17.243 -102.076
-4.68751 641.861 639.182 0.25064 17.2425 -102.074
-4.68751 641.861 639.182 0.25064 17.2425 -102.074
-4.50898 641.875 639.19 0.25479 17.2441 -102.078
-4.31235 641.87 639.188 0.25158 17.2437 -102.076
-4.31235 641.87 639.188 0.25158 17.2437 -102.076
-4.19022 641.867 639.18 0.2534 17.2426 -102.076
-3.99074 641.877 639.178 0.25293 17.2432 -102.076
-3.80809 641.875 639.188 0.2525 17.2427 -102.074
-3.62348 641.873 639.182 0.25418 17.2422 -102.075
-3.62348 641.873 639.182 0.25418 17.2422 -102.075
-3.4263 641.862 639.188 0.25273 17.2417 -102.073
-3.297 641.868 639.18 0.25522 17.2414 -102.074
-3.297 641.868 639.18 0.25522 17.2414 -102.074
-3.10182 641.864 639.198 0.25447 17.2423 -102.074
-2.91801 641.866 639.185 0.2547 17.2413 -102.075
-2.91801 641.866 639.185 0.2547 17.2413 -102.075
-2.77562 641.865 639.189 0.25333 17.242 -102.073
-2.58098 641.866 639.2 0.25077 17.243 -102.073
-2.58098 641.866 639.2 0.25077 17.243 -102.073
-2.39716 641.868 639.187 0.25098 17.242 -102.074
-2.21575 641.87 639.185 0.25038 17.2423 -102.072
-2.06989 641.865 639.185 0.25086 17.2426 -102.074
-1.87728 641.867 639.184 0.24924 17.2429 -102.073
-1.70254 641.863 639.187 0.25256 17.2438 -102.076
-1.70254 641.863 639.187 0.25256 17.2438 -102.076
-1.5084 641.861 639.197 0.25067 17.2438 -102.074
-1.37479 641.86 639.189 0.25106 17.2432 -102.075
-1.18645 641.868 639.188 0.25145 17.2438 -102.075
-1.18645 641.868 639.188 0.25145 17.2438 -102.075
-1.01202 641.868 639.187 0.25199 17.243 -102.075
-0.81246 641.876 639.185 0.25136 17.2435 -102.075
-0.81246 641.876 639.185 0.25136 17.2435 -102.075
-0.67483 641.866 639.177 0.25005 17.2422 -102.074
-0.48738 641.879 639.196 0.25218 17.2451 -102.076
-0.48738 641.879 639.196 0.25218 17.2451 -102.076
-0.30248 641.877 639.191 0.25337 17.2451 -102.078
-0.1213 641.877 639.19 0.25303 17.2449 -102.076
0.06112 641.88 639.196 0.25562 17.2453 -102.079
0.21743 641.872 639.192 0.25077 17.2439 -102.075
0.21743 641.872 639.192 0.25077 17.2439 -102.075
0.39035 641.867 639.186 0.25399 17.2424 -102.075
0.58275 641.867 639.184 0.25263 17.2422 -102.073
0.58275 641.867 639.184 0.25263 17.2422 -102.073
0.72511 641.87 639.188 0.25337 17.2421 -102.074
0.91751 641.87 639.186 0.25198 17.242 -102.073
0.91751 641.87 639.186 0.25198 17.242 -102.073
1.10295 641.862 639.185 0.24957 17.2415 -102.07
1.28592 641.867 639.192 0.25139 17.2429 -102.074
1.47859 641.868 639.191 0.24963 17.2432 -102.072
1.61299 641.862 639.191 0.25134 17.2431 -102.073
1.61299 641.862 639.191 0.25134 17.2431 -102.073
1.80295 641.867 639.201 0.25133 17.2434 -102.072
1.98684 641.867 639.188 0.25137 17.2424 -102.073
1.98684 641.867 639.188 0.25137 17.2424 -102.073
2.12021 641.864 639.18 0.25201 17.2414 -102.073
2.3107 641.87 639.191 0.25126 17.2426 -102.073
2.49537 641.867 639.185 0.25269 17.2421 -102.074
2.49537 641.867 639.185 0.25269 17.2421 -102.074
2.6878 641.866 639.184 0.25123 17.2419 -102.072
2.83019 641.868 639.188 0.2519 17.2418 -102.073
3.01168 641.869 639.187 0.25107 17.2421 -102.072
3.01168 641.869 639.187 0.25107 17.2421 -102.072
3.19662 641.866 639.182 0.25212 17.2421 -102.073
3.19662 641.866 639.182 0.25212 17.2421 -102.073
3.52776 641.877 639.185 0.25257 17.243 -102.074
3.52776 641.877 639.185 0.25257 17.243 -102.074
3.7164 641.864 639.179 0.25229 17.2418 -102.074
3.90591 641.874 639.182 0.25043 17.2421 -102.073
3.90591 641.874 639.182 0.25043 17.2421 -102.073
4.07965 641.87 639.177 0.25243 17.2421 -102.074
4.22717 641.882 639.194 0.25251 17.2444 -102.075
4.41606 641.871 639.189 0.25185 17.2437 -102.076
4.41606 641.871 639.189 0.25185 17.2437 -102.076
4.59515 641.876 639.199 0.25234 17.2445 -102.075
4.77985 641.871 639.194 0.25367 17.244 -102.076
4.92839 641.859 639.186 0.25158 17.2422 -102.075
4.92839 641.859 639.186 0.25158 17.2422 -102.075
5.1038 641.873 639.197 0.25335 17.2442 -102.075
5.29168 641.864 639.184 0.25162 17.2425 -102.075
5.29168 641.864 639.184 0.25162 17.2425 -102.075
5.49535 641.863 639.182 0.24904 17.2423 -102.073
5.62292 641.874 639.187 0.25191 17.2435 -102.075
5.8154 641.873 639.185 0.25031 17.2433 -102.073
5.8154 641.873 639.185 0.25031 17.2433 -102.073
6.05319 641.865 639.195 0.25172 17.2436 -102.076
6.05319 641.865 639.195 0.25172 17.2436 -102.076
6.23232 641.87 639.205 0.25213 17.2444 -102.075
6.42722 641.867 639.192 0.25137 17.2429 -102.074
6.42722 641.867 639.192 0.25137 17.2429 -102.074
6.56967 641.864 639.196 0.24967 17.2436 -102.073
6.73977 641.867 639.195 0.25227 17.2427 -102.073
6.93177 641.87 639.19 0.25416 17.2429 -102.075
7.10992 641.878 639.193 0.2535 17.2428 -102.073
7.10992 641.878 639.193 0.2535 17.2428 -102.073
7.10992 641.878 639.193 0.2535 17.2428 -102.073
7.48427 641.881 639.191 0.25269 17.2426 -102.073
7.66221 641.869 639.186 0.25255 17.2423 -102.074
7.66221 641.869 639.186 0.25255 17.2423 -102.074
7.838 641.884 639.198 0.25381 17.2448 -102.075
7.838 641.884 639.198 0.25381 17.2448 -102.075
8.02689 641.871 639.192 0.25301 17.2441 -102.075
8.16057 641.868 639.185 0.25313 17.2435 -102.076
8.33901 641.876 639.188 0.25206 17.2438 -102.074
8.33901 641.876 639.188 0.25206 17.2438 -102.074
8.52478 641.872 639.187 0.25125 17.2431 -102.074
8.70977 641.868 639.182 0.25206 17.2431 -102.076
8.84912 641.873 639.191 0.25028 17.2438 -102.074
9.03101 641.878 639.19 0.25107 17.2438 -102.076
9.03101 641.878 639.19 0.25107 17.2438 -102.076
9.21622 641.867 639.188 0.24869 17.2429 -102.072
9.21622 641.867 639.188 0.24869 17.2429 -102.072
9.39885 641.867 639.195 0.25084 17.2434 -102.074
9.54448 641.859 639.195 0.25129 17.2433 -102.075
9.71908 641.875 639.199 0.25179 17.2444 -102.075
9.90771 641.861 639.193 0.25128 17.2432 -102.074
9.90771 641.861 639.193 0.25128 17.2432 -102.074
10.0933 641.875 639.197 0.25112 17.2438 -102.073
10.0933 641.875 639.197 0.25112 17.2438 -102.073
10.3695 641.872 639.193 0.25159 17.2432 -102.074
10.3695 641.872 639.193 0.25159 17.2432 -102.074
10.5621 641.869 639.192 0.24978 17.243 -102.072
10.6955 641.864 639.184 0.25018 17.242 -102.072
10.8745 641.873 639.192 0.25353 17.2437 -102.075
10.8745 641.873 639.192 0.25353 17.2437 -102.075
11.0783 641.87 639.19 0.2507 17.2436 -102.073
11.2491 641.874 639.19 0.2524 17.2436 -102.075
11.3937 641.868 639.182 0.25178 17.2426 -102.074
11.3937 641.868 639.182 0.25178 17.2426 -102.074
11.5803 641.88 639.193 0.25255 17.2441 -102.074
11.768 641.868 639.18 0.25097 17.242 -102.073
11.768 641.868 639.18 0.25097 17.242 -102.073
11.9507 641.867 639.187 0.25299 17.2425 -102.075
12.0995 641.874 639.183 0.25072 17.243 -102.073
12.2812 641.877 639.183 0.25173 17.2425 -102.074
12.468 641.869 639.19 0.25176 17.2428 -102.075
12.468 641.869 639.19 0.25176 17.2428 -102.075
12.6606 641.865 639.188 0.24986 17.2426 -102.072
12.7993 641.874 639.193 0.25181 17.2433 -102.074
12.9841 641.867 639.188 0.2528 17.2429 -102.075
12.9841 641.867 639.188 0.2528 17.2429 -102.075
13.1739 641.873 639.191 0.25052 17.2432 -102.073
13.1739 641.873 639.191 0.25052 17.2432 -102.073
13.3475 641.866 639.186 0.25248 17.2428 -102.074
13.4904 641.868 639.191 0.25244 17.2432 -102.075
13.6932 641.866 639.182 0.2485 17.2421 -102.072
13.8647 641.866 639.189 0.25144 17.2426 -102.074
14.0597 641.861 639.176 0.25039 17.2412 -102.073
14.0597 641.861 639.176 0.25039 17.2412 -102.073
14.2503 641.863 639.187 0.2494 17.242 -102.072
14.418 641.871 639.194 0.25392 17.2433 -102.075
14.418 641.871 639.194 0.25392 17.2433 -102.075
14.6143 641.864 639.189 0.25348 17.2433 -102.076
14.6143 641.864 639.189 0.25348 17.2433 -102.076
14.8039 641.869 639.192 0.25148 17.2432 -102.073
14.9856 641.871 639.192 0.25238 17.2427 -102.074
14.9856 641.871 639.192 0.25238 17.2427 -102.074
15.1268 641.874 639.185 0.2529 17.2429 -102.075
15.3173 641.875 639.195 0.25186 17.2438 -102.074
15.4991 641.877 639.195 0.25273 17.2433 -102.074
15.6954 641.87 639.19 0.25225 17.2434 -102.075
15.6954 641.87 639.19 0.25225 17.2434 -102.075
15.8309 641.881 639.199 0.25217 17.2444 -102.074
16.016 641.875 639.194 0.25267 17.2444 -102.075
16.016 641.875 639.194 0.25267 17.2444 -102.075
16.2092 641.877 639.194 0.25216 17.2444 -102.076
16.4019 641.872 639.192 0.25009 17.2443 -102.074
16.4019 641.872 639.192 0.25009 17.2443 -102.074
16.5336 641.873 639.197 0.25094 17.2448 -102.075
16.7174 641.868 639.184 0.25079 17.2434 -102.074
16.8995 641.87 639.184 0.25125 17.2434 -102.076
17.0902 641.871 639.195 0.25012 17.2442 -102.074
17.0902 641.871 639.195 0.25012 17.2442 -102.074
17.2313 641.874 639.188 0.25058 17.2444 -102.075
17.417 641.866 639.187 0.24977 17.2433 -102.075
17.417 641.866 639.187 0.24977 17.2433 -102.075
17.596 641.873 639.195 0.25312 17.2446 -102.077
17.7999 641.867 639.193 0.24999 17.2444 -102.075
17.7999 641.867 639.193 0.24999 17.2444 -102.075
18.1097 641.877 639.198 0.25315 17.2452 -102.077
18.1097 641.877 639.198 0.25315 17.2452 -102.077
18.3024 641.871 639.197 0.25099 17.2451 -102.075
18.4843 641.872 639.196 0.25174 17.2446 -102.075
18.6357 641.877 639.181 0.25018 17.2439 -102.075
18.6357 641.877 639.181 0.25018 17.2439 -102.075
18.8185 641.875 639.188 0.25188 17.2445 -102.077
18.8185 641.875 639.188 0.25188 17.2445 -102.077
18.9971 641.878 639.192 0.25069 17.2443 -102.074
19.1792 641.88 639.191 0.25105 17.2444 -102.075
19.3127 641.873 639.184 0.25121 17.2434 -102.075
19.4763 641.867 639.183 0.25197 17.2427 -102.075
19.4763 641.867 639.183 0.25197 17.2427 -102.075
19.6479 641.865 639.187 0.24946 17.2428 -102.072
19.7866 641.871 639.191 0.2515 17.2431 -102.073
19.7866 641.871 639.191 0.2515 17.2431 -102.073
19.8771 641.87 639.189 0.25263 17.2432 -102.074
19.9784 641.868 639.186 0.25347 17.2424 -102.073
19.9784 641.868 639.186 0.25347 17.2424 -102.073
20.07 641.869 639.188 0.25266 17.2423 -102.074
20.1392 641.872 639.19 0.25385 17.2422 -102.074
20.1975 641.876 639.189 0.25052 17.2421 -102.071
20.2333 641.862 639.183 0.24859 17.2407 -102.069
20.2333 641.862 639.183 0.24859 17.2407 -102.069
20.2521 641.863 639.19 0.25019 17.241 -102.069
20.259 641.869 639.19 0.25148 17.2408 -102.069
20.259 641.869 639.19 0.25148 17.2408 -102.069
20.2691 641.867 639.186 0.25242 17.2411 -102.07
20.2691 641.867 639.186 0.25242 17.2411 -102.07
20.2691 641.867 639.186 0.25242 17.2411 -102.07
20.2801 641.865 639.185 0.25177 17.2406 -102.069
20.2801 641.865 639.185 0.25177 17.2406 -102.069
20.2763 641.873 639.186 0.25335 17.2414 -102.07
20.2763 641.873 639.186 0.25335 17.2414 -102.07
20.2763 641.873 639.186 0.25335 17.2414 -102.07
20.2763 641.873 639.186 0.25335 17.2414 -102.07
20.2763 641.873 639.186 0.25335 17.2414 -102.07
20.2763 641.873 639.186 0.25335 17.2414 -102.07
20.2763 641.873 639.186 0.25335 17.2414 -102.07
20.2763 641.873 639.186 0.25335 17.2414 -102.07
20.2763 641.873 639.186 0.25335 17.2414 -102.07
20.2763 641.873 639.186 0.25335 17.2414 -102.07
20.2763 641.873 639.186 0.25335 17.2414 -102.07
20.2763 641.873 639.186 0.25335 17.2414 -102.07
20.2763 641.873 639.186 0.25335 17.2414 -102.07
20.2763 641.873 639.186 0.25335 17.2414 -102.07
20.2763 641.873 639.186 0.25335 17.2414 -102.07
20.2766 641.875 639.186 0.253 17.2418 -102.071
20.2766 641.875 639.186 0.253 17.2418 -102.071
20.2766 641.875 639.186 0.253 17.2418 -102.071
20.2766 641.875 639.186 0.253 17.2418 -102.071
20.2766 641.875 639.186 0.253 17.2418 -102.071
20.2766 641.875 639.186 0.253 17.2418 -102.071
20.2766 641.875 639.186 0.253 17.2418 -102.071
20.2766 641.875 639.186 0.253 17.2418 -102.071
20.2766 641.875 639.186 0.253 17.2418 -102.071
20.2766 641.875 639.186 0.253 17.2418 -102.071
20.2766 641.875 639.186 0.253 17.2418 -102.071
20.2768 641.876 639.186 0.25264 17.2423 -102.071
20.2768 641.876 639.186 0.25264 17.2423 -102.071
20.2768 641.876 639.186 0.25264 17.2423 -102.071
20.2768 641.876 639.186 0.25264 17.2423 -102.071
20.2768 641.876 639.186 0.25264 17.2423 -102.071
20.2768 641.876 639.186 0.25264 17.2423 -102.071
20.2768 641.876 639.186 0.25264 17.2423 -102.071
20.2768 641.876 639.186 0.25264 17.2423 -102.071
20.2768 641.876 639.186 0.25264 17.2423 -102.071
20.2768 641.876 639.186 0.25264 17.2423 -102.071
20.2778 641.873 639.194 0.2536 17.2432 -102.072
20.2799 641.868 639.21 0.25516 17.2456 -102.075
20.2799 641.868 639.21 0.25516 17.2456 -102.075
20.2877 641.843 639.217 0.25707 17.2475 -102.077
20.2862 641.813 639.212 0.25902 17.2485 -102.078
20.2831 641.756 639.197 0.2604 17.2487 -102.078
20.2831 641.756 639.197 0.2604 17.2487 -102.078
20.268 641.699 639.206 0.26722 17.2525 -102.082
20.2652 641.609 639.197 0.26993 17.2539 -102.083
20.2495 641.497 639.203 0.27339 17.2557 -102.084
20.2495 641.497 639.203 0.27339 17.2557 -102.084
20.3146 641.256 639.191 0.24679 17.2422 -102.065
20.299 641.14 639.201 0.25279 17.2457 -102.068
20.299 641.14 639.201 0.25279 17.2457 -102.068
20.2971 640.945 639.199 0.25041 17.2425 -102.065
20.3001 640.816 639.204 0.24972 17.2429 -102.064
20.3092 640.641 639.203 0.24782 17.2427 -102.062
20.3092 640.641 639.203 0.24782 17.2427 -102.062
20.3123 640.46 639.21 0.24821 17.2424 -102.064
20.3122 640.278 639.197 0.24635 17.2413 -102.061
20.3075 640.146 639.198 0.24858 17.2414 -102.063
20.3167 639.971 639.197 0.24668 17.2412 -102.061
20.3167 639.971 639.197 0.24668 17.2412 -102.061
20.3159 639.793 639.204 0.24639 17.2424 -102.06
20.3159 639.793 639.204 0.24639 17.2424 -102.06
20.3102 639.608 639.199 0.24648 17.2417 -102.061
20.3055 639.476 639.2 0.2487 17.2417 -102.063
20.3106 639.284 639.194 0.24587 17.2413 -102.061
20.3106 639.284 639.194 0.24587 17.2413 -102.061
20.3011 639.107 639.189 0.24755 17.2413 -102.062
20.3076 638.918 639.192 0.2476 17.2415 -102.064
20.3076 638.918 639.192 0.2476 17.2415 -102.064
20.3081 638.595 639.187 0.247 17.2411 -102.064
20.3035 638.407 639.189 0.24806 17.2413 -102.066
20.3035 638.407 639.189 0.24806 17.2413 -102.066
20.2871 638.223 639.188 0.25397 17.2415 -102.071
20.2871 638.223 639.188 0.25397 17.2415 -102.071
20.2895 638.075 639.185 0.25427 17.2412 -102.073
20.2847 637.885 639.187 0.25568 17.241 -102.074
20.2784 637.699 639.177 0.25736 17.241 -102.076
20.2784 637.699 639.177 0.25736 17.241 -102.076
20.2817 637.513 639.183 0.2555 17.2415 -102.074
20.2699 637.374 639.183 0.25716 17.2408 -102.076
20.2699 637.374 639.183 0.25716 17.2408 -102.076
20.2816 637.194 639.197 0.25685 17.243 -102.076
20.2868 637.001 639.19 0.25439 17.2421 -102.073
20.2868 637.001 639.19 0.25439 17.2421 -102.073
20.2879 636.678 639.184 0.25382 17.2416 -102.073
20.2879 636.678 639.184 0.25382 17.2416 -102.073
20.2874 636.443 639.191 0.25274 17.2426 -102.072
20.2874 636.443 639.191 0.25274 17.2426 -102.072
20.2782 636.265 639.185 0.25478 17.2421 -102.073
20.2827 636.077 639.198 0.25391 17.2436 -102.072
20.2827 636.077 639.198 0.25391 17.2436 -102.072
20.2745 635.896 639.2 0.25692 17.244 -102.075
20.2875 635.744 639.191 0.25212 17.242 -102.071
20.2816 635.558 639.181 0.25381 17.2419 -102.072
20.2816 635.558 639.181 0.25381 17.2419 -102.072
20.2961 635.372 639.186 0.25133 17.242 -102.07
20.292 635.184 639.187 0.25241 17.2422 -102.072
20.2966 635.052 639.199 0.25271 17.2435 -102.072
20.2834 634.858 639.188 0.25383 17.2427 -102.073
20.2834 634.858 639.188 0.25383 17.2427 -102.073
20.286 634.675 639.185 0.25138 17.2418 -102.07
20.286 634.675 639.185 0.25138 17.2418 -102.07
20.28 634.493 639.199 0.25343 17.243 -102.073
20.2867 634.356 639.198 0.25277 17.2433 -102.072
20.2824 634.167 639.199 0.25422 17.243 -102.073
20.2824 634.167 639.199 0.25422 17.243 -102.073
20.2886 633.981 639.192 0.25334 17.2423 -102.074
20.3018 633.798 639.185 0.25112 17.2426 -102.072
20.3018 633.798 639.185 0.25112 17.2426 -102.072
20.2875 633.49 639.194 0.25291 17.2427 -102.073
20.2875 633.49 639.194 0.25291 17.2427 -102.073
20.2799 633.31 639.196 0.25559 17.2436 -102.075
20.2827 633.127 639.192 0.25316 17.2427 -102.072
20.281 632.991 639.18 0.2541 17.2422 -102.074
20.281 632.991 639.18 0.2541 17.2422 -102.074
20.2811 632.813 639.185 0.25422 17.243 -102.073
20.2811 632.813 639.185 0.25422 17.243 -102.073
20.2773 632.625 639.186 0.25532 17.2432 -102.075
20.2893 632.448 639.194 0.25285 17.2432 -102.073
20.2921 632.3 639.189 0.25354 17.2425 -102.074
20.2983 632.109 639.181 0.25075 17.2421 -102.072
20.2983 632.109 639.181 0.25075 17.2421 -102.072
20.2897 631.931 639.174 0.25283 17.2416 -102.073
20.2929 631.749 639.199 0.25296 17.244 -102.074
20.2929 631.749 639.199 0.25296 17.244 -102.074
20.2848 631.601 639.193 0.25465 17.2433 -102.075
20.2879 631.418 639.19 0.25222 17.2424 -102.072
20.2844 631.23 639.19 0.25333 17.2426 -102.074
20.2844 631.23 639.19 0.25333 17.2426 -102.074
20.2986 630.989 639.186 0.2491 17.2414 -102.07
20.2914 630.81 639.187 0.2518 17.2423 -102.073
20.2914 630.81 639.187 0.2518 17.2423 -102.073
20.3012 630.667 639.177 0.2486 17.2409 -102.07
20.295 630.485 639.186 0.25228 17.2428 -102.074
20.295 630.485 639.186 0.25228 17.2428 -102.074
20.2993 630.299 639.189 0.25083 17.2429 -102.072
20.2812 630.12 639.19 0.25454 17.2438 -102.075
20.2812 630.12 639.19 0.25454 17.2438 -102.075
20.2921 629.974 639.188 0.25231 17.2434 -102.073
20.2812 629.75 639.185 0.25324 17.2431 -102.073
20.2821 629.52 639.19 0.2545 17.2432 -102.075
20.2821 629.52 639.19 0.2545 17.2432 -102.075
20.2968 629.338 639.186 0.25073 17.2428 -102.072
20.2968 629.338 639.186 0.25073 17.2428 -102.072
20.2929 629.178 639.183 0.25341 17.243 -102.075
20.2949 629.032 639.193 0.25123 17.2433 -102.073
20.2949 629.032 639.193 0.25123 17.2433 -102.073
20.2946 628.921 639.19 0.25313 17.2432 -102.075
20.2815 628.812 639.199 0.25473 17.2447 -102.076
20.2815 628.812 639.199 0.25473 17.2447 -102.076
20.2764 628.631 639.183 0.2539 17.243 -102.076
20.2764 628.631 639.183 0.2539 17.243 -102.076
20.2776 628.57 639.191 0.25408 17.2436 -102.076
20.2775 628.542 639.189 0.25412 17.2443 -102.076
20.2772 628.512 639.187 0.25451 17.2445 -102.076
20.2772 628.512 639.187 0.25451 17.2445 -102.076
20.2887 628.483 639.189 0.25231 17.244 -102.075
20.2887 628.483 639.189 0.25231 17.244 -102.075
20.278 628.485 639.189 0.25296 17.2445 -102.076
20.281 628.476 639.184 0.25296 17.2445 -102.076
20.2847 628.467 639.184 0.25137 17.2437 -102.075
20.2877 628.458 639.179 0.25137 17.2437 -102.075
20.2877 628.458 639.179 0.25137 17.2437 -102.075
20.2917 628.446 639.155 0.24941 17.2418 -102.073
20.298 628.428 639.118 0.24612 17.2394 -102.07
20.298 628.428 639.118 0.24612 17.2394 -102.07
20.307 628.401 639.077 0.24318 17.2366 -102.067
20.3222 628.355 638.998 0.23694 17.2313 -102.062
20.3222 628.355 638.998 0.23694 17.2313 -102.062
20.332 628.326 638.933 0.23292 17.2283 -102.059
20.3477 628.278 638.831 0.22595 17.2223 -102.052
20.3225 628.321 638.706 0.23626 17.2259 -102.06
20.2761 628.409 638.568 0.25637 17.2342 -102.073
20.2761 628.409 638.568 0.25637 17.2342 -102.073
20.273 628.406 638.464 0.25788 17.2341 -102.075
20.2569 628.429 638.291 0.26286 17.2357 -102.08
20.2569 628.429 638.291 0.26286 17.2357 -102.08
20.2477 628.436 638.114 0.2659 17.2371 -102.085
20.2425 628.435 637.936 0.267 17.2383 -102.089
20.2425 628.435 637.936 0.267 17.2383 -102.089
20.2469 628.439 637.615 0.26428 17.2387 -102.088
20.2469 628.439 637.615 0.26428 17.2387 -102.088
20.2402 628.434 637.432 0.26805 17.2392 -102.092
20.2363 628.442 637.245 0.26988 17.2393 -102.092
20.2363 628.442 637.245 0.26988 17.2393 -102.092
20.2363 628.45 637.11 0.26961 17.2397 -102.091
20.2382 628.444 636.911 0.26888 17.2381 -102.089
20.2382 628.444 636.911 0.26888 17.2381 -102.089
20.2335 628.457 636.744 0.27232 17.2406 -102.091
20.2473 628.446 636.548 0.26673 17.239 -102.086
20.2472 628.454 636.413 0.26648 17.2395 -102.085
20.2593 628.451 636.23 0.26153 17.2393 -102.081
20.2593 628.451 636.23 0.26153 17.2393 -102.081
20.2703 628.445 636.042 0.25853 17.2394 -102.077
20.2686 628.453 635.868 0.25907 17.2406 -102.078
20.2686 628.453 635.868 0.25907 17.2406 -102.078
20.2747 628.448 635.721 0.25591 17.2399 -102.076
20.2728 628.455 635.546 0.25682 17.2406 -102.077
20.2728 628.455 635.546 0.25682 17.2406 -102.077
20.2732 628.456 635.359 0.2564 17.2409 -102.077
20.2655 628.454 635.168 0.25926 17.2404 -102.079
20.2675 628.455 635.021 0.25806 17.2399 -102.078
20.2656 628.462 634.846 0.25899 17.2407 -102.078
20.2656 628.462 634.846 0.25899 17.2407 -102.078
20.2693 628.458 634.683 0.25771 17.2409 -102.078
20.2619 628.46 634.521 0.2597 17.2404 -102.08
20.2619 628.46 634.521 0.2597 17.2404 -102.08
20.2707 628.451 634.421 0.25641 17.2403 -102.078
20.2721 628.455 634.297 0.25595 17.2405 -102.077
20.2721 628.455 634.297 0.25595 17.2405 -102.077
20.2753 628.463 634.21 0.25488 17.2425 -102.078
20.273 628.459 634.111 0.25485 17.2417 -102.078
20.2813 628.457 634.063 0.25175 17.2418 -102.076
20.278 628.459 634.012 0.25316 17.2423 -102.077
20.278 628.459 634.012 0.25316 17.2423 -102.077
20.278 628.456 633.984 0.25369 17.2428 -102.078
20.278 628.456 633.984 0.25369 17.2428 -102.078
20.2734 628.466 633.949 0.25448 17.2436 -102.08
20.2734 628.466 633.949 0.25448 17.2436 -102.08
20.2798 628.472 633.941 0.25183 17.2441 -102.077
20.2807 628.469 633.949 0.25281 17.2451 -102.078
20.2807 628.469 633.949 0.25281 17.2451 -102.078
20.2827 628.463 633.936 0.25183 17.2441 -102.077
20.2789 628.472 633.937 0.25343 17.2449 -102.078
20.2792 628.473 633.937 0.25307 17.2453 -102.079
20.2792 628.473 633.937 0.25307 17.2453 -102.079
20.2792 628.473 633.937 0.25307 17.2453 -102.079
20.2792 628.473 633.937 0.25307 17.2453 -102.079
20.2792 628.473 633.937 0.25307 17.2453 -102.079
20.2792 628.473 633.937 0.25307 17.2453 -102.079
20.2792 628.473 633.937 0.25307 17.2453 -102.079
20.2792 628.473 633.937 0.25307 17.2453 -102.079
20.2792 628.473 633.937 0.25307 17.2453 -102.079
20.2792 628.473 633.937 0.25307 17.2453 -102.079
20.2792 628.473 633.937 0.25307 17.2453 -102.079
20.2792 628.473 633.937 0.25307 17.2453 -102.079
20.2789 628.472 633.937 0.25343 17.2449 -102.078
20.2789 628.472 633.937 0.25343 17.2449 -102.078
20.2708 628.497 633.986 0.25734 17.2487 -102.082
20.2627 628.522 634.035 0.26126 17.2525 -102.086
20.2627 628.522 634.035 0.26126 17.2525 -102.086
20.2357 628.605 634.191 0.2721 17.2622 -102.097
20.2357 628.605 634.191 0.2721 17.2622 -102.097
20.2223 628.652 634.31 0.27681 17.2677 -102.102
20.2223 628.652 634.31 0.27681 17.2677 -102.102
20.2695 628.559 634.397 0.25636 17.2592 -102.088
20.2866 628.543 634.541 0.24779 17.2582 -102.084
20.2866 628.543 634.541 0.24779 17.2582 -102.084
20.2983 628.517 634.699 0.24286 17.2577 -102.084
20.3012 628.533 634.88 0.24113 17.2601 -102.084
20.3012 628.533 634.88 0.24113 17.2601 -102.084
20.3012 628.533 634.88 0.24113 17.2601 -102.084
20.3111 628.506 635.217 0.23635 17.2574 -102.081
20.3176 628.51 635.4 0.23287 17.2565 -102.077
20.3129 628.514 635.586 0.23559 17.256 -102.077
20.3129 628.514 635.586 0.23559 17.256 -102.077
20.3119 628.51 635.772 0.23673 17.2548 -102.076
20.3119 628.51 635.772 0.23673 17.2548 -102.076
20.3095 628.506 635.919 0.23864 17.2543 -102.076
20.3099 628.5 636.085 0.23747 17.2517 -102.074
20.3099 628.5 636.085 0.23747 17.2517 -102.074
20.2973 628.501 636.268 0.24313 17.2509 -102.077
20.2868 628.501 636.462 0.24782 17.2508 -102.08
20.2778 628.492 636.586 0.25036 17.2486 -102.083
20.2731 628.477 636.768 0.25249 17.2469 -102.084
20.2731 628.477 636.768 0.25249 17.2469 -102.084
20.2731 628.477 636.768 0.25249 17.2469 -102.084
20.2742 628.474 636.994 0.25218 17.2458 -102.083
20.2738 628.472 637.18 0.25265 17.2456 -102.083
20.281 628.472 637.37 0.25056 17.2451 -102.079
20.2788 628.469 637.517 0.25216 17.2451 -102.08
20.2862 628.469 637.707 0.24973 17.2452 -102.077
20.2862 628.469 637.707 0.24973 17.2452 -102.077
20.282 628.475 637.894 0.25181 17.2456 -102.078
20.282 628.475 637.894 0.25181 17.2456 -102.078
20.2778 628.481 638.081 0.25389 17.2461 -102.079
20.2807 628.468 638.208 0.2516 17.2439 -102.077
20.2807 628.468 638.208 0.2516 17.2439 -102.077
20.2745 628.48 638.407 0.25467 17.2453 -102.079
20.2758 628.47 638.581 0.25456 17.2436 -102.078
20.2754 628.467 638.767 0.25507 17.2433 -102.078
20.2801 628.47 638.91 0.25281 17.2427 -102.075
20.2703 628.468 639.081 0.2565 17.2424 -102.079
20.2703 628.468 639.081 0.2565 17.2424 -102.079
20.2706 628.463 639.244 0.25595 17.2419 -102.079
20.2706 628.463 639.244 0.25595 17.2419 -102.079
20.2675 628.468 639.407 0.25663 17.2426 -102.08
20.2723 628.469 639.523 0.25453 17.2429 -102.079
20.2668 628.472 639.646 0.25704 17.2429 -102.08
20.2734 628.466 639.748 0.25431 17.2418 -102.077
20.2734 628.466 639.748 0.25431 17.2418 -102.077
20.272 628.477 639.848 0.25599 17.2434 -102.078
20.2672 628.47 639.895 0.25791 17.2421 -102.079
20.2667 628.475 639.947 0.25814 17.2423 -102.078
20.2667 628.475 639.947 0.25814 17.2423 -102.078
20.2721 628.466 639.986 0.2558 17.2408 -102.076
20.2721 628.466 639.986 0.2558 17.2408 -102.076
20.2728 628.464 640.021 0.25663 17.2408 -102.075
20.2743 628.461 640.032 0.25638 17.2406 -102.075
20.2743 628.461 640.032 0.25638 17.2406 -102.075
20.272 628.466 640.044 0.25771 17.241 -102.075
20.272 628.466 640.044 0.25771 17.241 -102.075
20.2756 628.456 640.044 0.25648 17.2398 -102.074
20.2896 628.453 640.04 0.25741 17.2395 -102.077
20.2896 628.453 640.04 0.25741 17.2395 -102.077
20.3113 628.451 640.04 0.25576 17.2391 -102.076
20.3659 628.448 640.039 0.25112 17.2386 -102.076
20.3659 628.448 640.039 0.25112 17.2386 -102.076
20.4422 628.443 640.038 0.24483 17.2376 -102.075
20.5445 628.419 640.047 0.23956 17.2372 -102.074
20.5445 628.419 640.047 0.23956 17.2372 -102.074
20.6585 628.385 640.039 0.23462 17.2356 -102.072
20.76 628.358 640.047 0.23042 17.2338 -102.07
20.9115 628.327 640.056 0.22714 17.232 -102.068
21.0216 628.433 640.052 0.24754 17.24 -102.08
21.0216 628.433 640.052 0.24754 17.24 -102.08
21.1294 628.454 640.068 0.25416 17.2419 -102.083
21.2885 628.47 640.067 0.25938 17.2425 -102.085
21.2885 628.47 640.067 0.25938 17.2425 -102.085
21.4671 628.466 640.073 0.2614 17.2426 -102.086
21.6394 628.477 640.06 0.26427 17.2427 -102.088
21.6394 628.477 640.06 0.26427 17.2427 -102.088
21.7809 628.469 640.051 0.2634 17.2418 -102.087
21.9695 628.467 640.049 0.26343 17.2409 -102.087
22.1428 628.475 640.044 0.26724 17.242 -102.089
22.3744 628.463 640.044 0.26722 17.2409 -102.089
22.3744 628.463 640.044 0.26722 17.2409 -102.089
22.5718 628.462 640.053 0.26526 17.2413 -102.087
22.5718 628.462 640.053 0.26526 17.2413 -102.087
22.7567 628.468 640.052 0.26682 17.2411 -102.088
22.8979 628.459 640.043 0.26628 17.2397 -102.087
22.8979 628.459 640.043 0.26628 17.2397 -102.087
23.0868 628.458 640.041 0.2659 17.2393 -102.087
23.2701 628.467 640.052 0.26576 17.2414 -102.087
23.4234 628.46 640.047 0.26227 17.2397 -102.085
23.4234 628.46 640.047 0.26227 17.2397 -102.085
23.595 628.474 640.055 0.26662 17.2421 -102.089
23.7767 628.465 640.053 0.26564 17.241 -102.089
23.7767 628.465 640.053 0.26564 17.241 -102.089
24.112 628.463 640.054 0.26424 17.2412 -102.087
24.2871 628.468 640.06 0.26733 17.2425 -102.089
24.2871 628.468 640.06 0.26733 17.2425 -102.089
24.4859 628.464 640.05 0.263 17.2414 -102.085
24.4859 628.464 640.05 0.263 17.2414 -102.085
24.6757 628.459 640.056 0.2635 17.242 -102.086
24.8109 628.47 640.053 0.26375 17.2422 -102.087
24.9961 628.477 640.052 0.26485 17.2426 -102.089
24.9961 628.477 640.052 0.26485 17.2426 -102.089
25.1829 628.476 640.062 0.2634 17.2434 -102.087
25.3788 628.481 640.061 0.26383 17.2433 -102.087
25.5202 628.471 640.052 0.26321 17.2419 -102.086
25.7021 628.48 640.054 0.26269 17.2421 -102.084
25.7021 628.48 640.054 0.26269 17.2421 -102.084
25.8917 628.475 640.06 0.26349 17.2421 -102.084
25.8917 628.475 640.06 0.26349 17.2421 -102.084
26.0806 628.473 640.058 0.26298 17.2418 -102.085
26.2183 628.472 640.05 0.26389 17.2411 -102.084
26.4163 628.471 640.06 0.26102 17.2424 -102.083
26.4163 628.471 640.06 0.26102 17.2424 -102.083
26.5906 628.478 640.059 0.26304 17.2428 -102.084
26.7796 628.476 640.058 0.26249 17.2424 -102.084
26.9686 628.474 640.056 0.26194 17.242 -102.085
26.9686 628.474 640.056 0.26194 17.242 -102.085
27.1545 628.475 640.058 0.25944 17.2419 -102.082
27.3444 628.47 640.065 0.25982 17.2425 -102.083
27.3444 628.47 640.065 0.25982 17.2425 -102.083
27.5316 628.47 640.051 0.25985 17.2419 -102.083
27.5316 628.47 640.051 0.25985 17.2419 -102.083
27.8573 628.47 640.061 0.262 17.2427 -102.085
28.0539 628.469 640.063 0.25881 17.2422 -102.081
28.0539 628.469 640.063 0.25881 17.2422 -102.081
28.2283 628.476 640.062 0.26075 17.2425 -102.082
28.2283 628.476 640.062 0.26075 17.2425 -102.082
28.4171 628.472 640.061 0.26049 17.2417 -102.082
28.555 628.471 640.052 0.26096 17.2415 -102.082
28.744 628.469 640.051 0.26033 17.2411 -102.082
28.744 628.469 640.051 0.26033 17.2411 -102.082
28.9373 628.477 640.054 0.2583 17.2418 -102.08
28.9373 628.477 640.054 0.2583 17.2418 -102.08
29.2631 628.476 640.064 0.26031 17.2426 -102.082
29.4485 628.482 640.063 0.26119 17.243 -102.083
29.4485 628.482 640.063 0.26119 17.243 -102.083
29.6266 628.479 640.062 0.26152 17.2426 -102.083
29.8165 628.473 640.068 0.26176 17.2432 -102.084
29.8165 628.473 640.068 0.26176 17.2432 -102.084
29.9533 628.474 640.052 0.26162 17.2416 -102.083
30.1393 628.475 640.054 0.25898 17.2415 -102.08
30.1393 628.475 640.054 0.25898 17.2415 -102.08
30.1393 628.475 640.054 0.25898 17.2415 -102.08
30.3394 628.471 640.053 0.25728 17.2411 -102.08
30.5136 628.476 640.052 0.25946 17.2411 -102.08
30.6533 628.472 640.056 0.25925 17.2411 -102.08
30.8514 628.47 640.042 0.25849 17.24 -102.08
31.0302 628.463 640.048 0.26003 17.2402 -102.08
31.2193 628.46 640.047 0.25929 17.2398 -102.08
31.2193 628.46 640.047 0.25929 17.2398 -102.08
31.3661 628.463 640.051 0.25994 17.2401 -102.081
31.5531 628.46 640.061 0.25816 17.241 -102.078
31.5531 628.46 640.061 0.25816 17.241 -102.078
31.7383 628.464 640.06 0.25928 17.2409 -102.079
31.9274 628.46 640.058 0.2585 17.2405 -102.079
31.9274 628.46 640.058 0.2585 17.2405 -102.079
32.1129 628.465 640.057 0.25925 17.2409 -102.08
32.2482 628.473 640.054 0.2596 17.2407 -102.08
32.434 628.479 640.054 0.25997 17.2416 -102.081
32.6119 628.474 640.052 0.26052 17.2407 -102.081
32.6119 628.474 640.052 0.26052 17.2407 -102.081
32.759 628.478 640.057 0.26076 17.2415 -102.082
32.9457 628.481 640.064 0.26201 17.2433 -102.084
32.9457 628.481 640.064 0.26201 17.2433 -102.084
33.1239 628.478 640.063 0.26218 17.243 -102.084
33.3595 628.478 640.064 0.26359 17.2435 -102.085
33.3595 628.478 640.064 0.26359 17.2435 -102.085
33.5454 628.476 640.066 0.26115 17.2429 -102.081
33.695 628.473 640.062 0.25928 17.2415 -102.08
33.8768 628.485 640.061 0.26181 17.2422 -102.081
34.0693 628.471 640.059 0.25977 17.2407 -102.079
34.0693 628.471 640.059 0.25977 17.2407 -102.079
34.2549 628.476 640.059 0.26041 17.2411 -102.08
34.2549 628.476 640.059 0.26041 17.2411 -102.08
34.4328 628.471 640.057 0.26088 17.2402 -102.079
34.5709 628.469 640.049 0.26114 17.24 -102.079
34.7714 628.465 640.048 0.25888 17.2402 -102.08
34.7714 628.465 640.048 0.25888 17.2402 -102.08
34.9442 628.476 640.06 0.26138 17.2415 -102.082
35.0968 628.464 640.052 0.25912 17.2406 -102.081
35.0968 628.464 640.052 0.25912 17.2406 -102.081
35.3309 628.471 640.066 0.26094 17.2425 -102.083
35.5092 628.467 640.064 0.26101 17.2422 -102.083
35.5092 628.467 640.064 0.26101 17.2422 -102.083
35.6948 628.471 640.064 0.26157 17.2426 -102.083
35.8832 628.47 640.055 0.25972 17.2413 -102.082
35.8832 628.47 640.055 0.25972 17.2413 -102.082
36.0236 628.483 640.063 0.25974 17.2426 -102.08
36.2129 628.479 640.062 0.25877 17.2423 -102.08
36.3986 628.482 640.062 0.2593 17.2427 -102.081
36.5849 628.482 640.068 0.26106 17.2436 -102.082
36.5849 628.482 640.068 0.26106 17.2436 -102.082
36.7742 628.477 640.067 0.26006 17.2433 -102.082
36.9123 628.474 640.059 0.26024 17.2431 -102.082
36.9123 628.474 640.059 0.26024 17.2431 -102.082
37.1018 628.47 640.058 0.25888 17.2432 -102.082
37.2855 628.478 640.07 0.2606 17.2442 -102.083
37.2855 628.478 640.07 0.2606 17.2442 -102.083
37.4704 628.484 640.062 0.26019 17.2436 -102.083
37.6704 628.477 640.06 0.25851 17.2428 -102.082
37.8594 628.471 640.059 0.25782 17.242 -102.081
37.8594 628.471 640.059 0.25782 17.242 -102.081
38.034 628.474 640.058 0.25962 17.242 -102.081
38.2342 628.467 640.057 0.25756 17.2416 -102.08
38.2342 628.467 640.057 0.25756 17.2416 -102.08
38.3596 628.471 640.061 0.25957 17.2424 -102.081
38.5454 628.474 640.061 0.25999 17.2428 -102.082
38.5454 628.474 640.061 0.25999 17.2428 -102.082
38.7345 628.467 640.059 0.25926 17.242 -102.081
38.9185 628.477 640.071 0.26054 17.2434 -102.082
39.1079 628.471 640.07 0.25944 17.2431 -102.082
39.2452 628.471 640.055 0.25866 17.242 -102.081
39.2452 628.471 640.055 0.25866 17.242 -102.081
39.433 628.472 640.066 0.25806 17.2431 -102.082
39.6153 628.483 640.066 0.25992 17.2443 -102.083
39.6153 628.483 640.066 0.25992 17.2443 -102.083
39.7527 628.483 640.051 0.25913 17.2431 -102.082
39.9418 628.476 640.049 0.25834 17.2424 -102.081
39.9418 628.476 640.049 0.25834 17.2424 -102.081
40.3217 628.482 640.06 0.2603 17.2423 -102.081
40.3217 628.482 640.06 0.2603 17.2423 -102.081
40.4576 628.482 640.063 0.26194 17.2422 -102.081
40.6467 628.475 640.062 0.26112 17.2414 -102.08
40.6467 628.475 640.062 0.26112 17.2414 -102.08
40.8324 628.476 640.061 0.26178 17.2413 -102.08
41.0215 628.468 640.06 0.26095 17.2406 -102.079
41.0215 628.468 640.06 0.26095 17.2406 -102.079
41.1571 628.474 640.057 0.26098 17.2404 -102.079
41.343 628.476 640.057 0.26126 17.2408 -102.079
41.5325 628.469 640.056 0.26004 17.2405 -102.078
41.7213 628.467 640.047 0.2576 17.2397 -102.078
41.7213 628.467 640.047 0.2576 17.2397 -102.078
41.8578 628.47 640.052 0.25847 17.2405 -102.078
42.0417 628.477 640.064 0.25993 17.2415 -102.079
42.0417 628.477 640.064 0.25993 17.2415 -102.079
42.2277 628.478 640.063 0.26016 17.2419 -102.079
42.4171 628.472 640.062 0.25891 17.2416 -102.079
42.4171 628.472 640.062 0.25891 17.2416 -102.079
42.6141 628.472 640.062 0.25812 17.242 -102.079
42.7506 628.475 640.067 0.25895 17.2428 -102.08
42.9363 628.475 640.066 0.25951 17.2428 -102.08
43.1359 628.47 640.057 0.25636 17.2415 -102.078
43.1359 628.47 640.057 0.25636 17.2415 -102.078
43.2724 628.473 640.062 0.25718 17.2424 -102.079
43.4579 628.478 640.054 0.25614 17.2423 -102.079
43.4579 628.478 640.054 0.25614 17.2423 -102.079
43.6439 628.48 640.054 0.2563 17.2428 -102.079
43.8201 628.484 640.058 0.25562 17.2429 -102.079
43.9676 628.485 640.063 0.25541 17.2437 -102.08
44.1464 628.479 640.062 0.25472 17.2439 -102.08
44.1464 628.479 640.062 0.25472 17.2439 -102.08
44.3009 628.486 640.067 0.25567 17.2445 -102.08
44.4607 628.478 640.059 0.25429 17.2435 -102.079
44.4607 628.478 640.059 0.25429 17.2435 -102.079
44.5692 628.476 640.068 0.25441 17.2437 -102.079
44.6827 628.482 640.065 0.25667 17.2431 -102.078
44.7837 628.472 640.073 0.25631 17.2426 -102.077
44.7837 628.472 640.073 0.25631 17.2426 -102.077
44.8715 628.471 640.063 0.25637 17.2414 -102.075
44.93 628.474 640.07 0.25592 17.2415 -102.075
44.9792 628.472 640.064 0.25562 17.2407 -102.074
44.9792 628.472 640.064 0.25562 17.2407 -102.074
45.0102 628.465 640.059 0.25551 17.2396 -102.073
45.0363 628.473 640.066 0.25735 17.2406 -102.074
45.047 628.471 640.066 0.2567 17.2402 -102.074
45.0433 628.478 640.066 0.25852 17.2404 -102.074
45.0433 628.478 640.066 0.25852 17.2404 -102.074
45.0557 628.47 640.053 0.25703 17.239 -102.073
45.0557 628.47 640.053 0.25703 17.239 -102.073
45.0557 628.47 640.053 0.25703 17.239 -102.073
45.0523 628.478 640.054 0.2585 17.2398 -102.073
45.0531 628.475 640.062 0.25934 17.2407 -102.074
45.0531 628.475 640.062 0.25934 17.2407 -102.074
